1243620526
1250453011
1253029073
1243282675
1249050552
1243615299
1253894409
1238501112
1243428732
1239743548
1243355440
1243434032
1253401833
1245278677
1241801690
1245163765
1243264869
1239988362
1251692215
1253329526
1241017475
1238244179
1241477195
1241808230
1244179898
1243607184
1239211777
1253142048
1243353925
1241836565
1251046279
1248744764
1243601156
1239164124
1250026717
1247756907
1243616945
1241849928
1243631711
1238350905
1244236564
1249966323
1239147398
1242745402
1253016653
1243260070
1247548140
1245936003
1253024222
1238336323
1245052111
1253366032
1252425300
1243687073
1238178164
1243355085
1243614172
1253624274
1243474836
1253622801
1243168808
1241807317
1245790544
1239829705
1243625033
1249843150
1239741538
1242719566
1245472464
1249052613
1243266373
1253392821
1243347022
1243622801